#address Crate   slot    chan    id  number  strip   offset  gain        
0x00000200  0   2   0   FH-1    0   1   0   0.976       
0x00000201  0   2   1   FH-2    1   2   0   0.989       
0x00000202  0   2   2   FH-3    2   3   0   1.014       
0x00000203  0   2   3   FH-4    3   4   0   1.008       
0x00000204  0   2   4   FH-5    4   5   0   0.997       
0x00000205  0   2   5   FH-6    5   6   0   1.002       
0x00000206  0   2   6   FH-7    6   7   0   0.951       
0x00000207  0   2   7   FH-8    7   8   0   0.983       
0x00000208  0   2   8   FH-9    8   9   0   0.991       
0x00000209  0   2   9   FH-10   9   10  0   0.992       
0x0000020a  0   2   10  FH-11   10  11  0   0.993       
0x0000020b  0   2   11  FH-12   11  12  0   0.963       
0x0000020c  0   2   12  FH-13   12  13  0   0.964       
0x0000020d  0   2   13  FH-14   13  14  0   0.972       
0x0000020e  0   2   14  FH-15   14  15  0   0.969       
0x0000020f  0   2   15  FH-16   15  16  0   0.949       
                                        
0x00000300  0   3   0   FH-17   16  17  0   0.807       
0x00000301  0   3   1   FH-18   17  18  0   0.991       
0x00000302  0   3   2   FH-19   18  19  0   0.988       
0x00000303  0   3   3   FH-20   19  20  0   0.968       
0x00000304  0   3   4   FH-21   20  21  0   0.975       
0x00000305  0   3   5   FH-22   21  22  0   0.962       
0x00000306  0   3   6   FH-23   22  23  0   0.959       
0x00000307  0   3   7   FH-24   23  24  0   0.97        
0x00000308  0   3   8   FH-25   24  25  0   0.979       
0x00000309  0   3   9   FH-26   25  26  0   0.997       
0x0000030a  0   3   10  FH-27   26  27  0   1.025       
0x0000030b  0   3   11  FH-28   27  28  0   0.991       
0x0000030c  0   3   12  FH-29   28  29  0   1.019       
0x0000030d  0   3   13  FH-30   29  30  0   0.961       
0x0000030e  0   3   14  FH-31   30  31  0   0.987       
0x0000030f  0   3   15  FH-32   31  32  0   0.954       
                                        
0x00000400  0   4   0   FH-33   32  33  0   1.034       
0x00000401  0   4   1   FH-34   33  34  0   1.099       
0x00000402  0   4   2   FH-35   34  35  0   1.071       
0x00000403  0   4   3   FH-36   35  36  0   1.049       
0x00000404  0   4   4   FH-37   36  37  0   1.049       
0x00000405  0   4   5   FH-38   37  38  0   1.058       
0x00000406  0   4   6   FH-39   38  39  0   1.075       
0x00000407  0   4   7   FH-40   39  40  0   1.073       
0x00000408  0   4   8   FL-40   40  40  0   0       
0x00000409  0   4   9   FL-39   41  39  335.592 1.71821     
0x0000040a  0   4   10  FL-38   42  38  284.927 1.94394     
0x0000040b  0   4   11  FL-37   43  37  313.739 1.76388     
0x0000040c  0   4   12  FL-36   44  36  331.264 1.72517     
0x0000040d  0   4   13  FL-35   45  35  310.579 1.86008     
0x0000040e  0   4   14  FL-34   46  34  296.061 1.90299     
0x0000040f  0   4   15  FL-33   47  33  319.878 1.80051     
                                        
0x00000500  0   5   0   FL-32   48  32  32.3817 0.983595        
0x00000501  0   5   1   FL-31   49  31  -30.2169    1.07367     
0x00000502  0   5   2   FL-30   50  30  -42.4918    1.09017     
0x00000503  0   5   3   FL-29   51  29  -37.3876    1.11324     
0x00000504  0   5   4   FL-28   52  28  -38.3365    1.08474     
0x00000505  0   5   5   FL-27   53  27  -31.4084    1.09339     
0x00000506  0   5   6   FL-26   54  26  -26.3888    1.08356     
0x00000507  0   5   7   FL-25   55  25  -17.9925    1.02894     
0x00000508  0   5   8   FL-24   56  24  -9.64835    1.00609     
0x00000509  0   5   9   FL-23   57  23  -5.2169 0.998177        
0x0000050a  0   5   10  FL-22   58  22  5.79387 0.97022     
0x0000050b  0   5   11  FL-21   59  21  10.406  0.973295        
0x0000050c  0   5   12  FL-20   60  20  18.8024 0.942896        
0x0000050d  0   5   13  FL-19   61  19  3.29741 0.986284        
0x0000050e  0   5   14  FL-18   62  18  0.00144358  0.999988        
0x0000050f  0   5   15  FL-17   63  17  53.0157 0.948417        
                                        
0x00000600  0   6   0   Fl-16   64  16  85.9035 0.765507        
0x00000601  0   6   1   Fl-15   65  15  95.244  0.742928        
0x00000602  0   6   2   Fl-14   66  14  99.0823 0.762472        
0x00000603  0   6   3   Fl-13   67  13  94.694  0.741083        
0x00000604  0   6   4   Fl-12   68  12  96.6041 0.741149        
0x00000605  0   6   5   Fl-11   69  11  100.884 0.771787        
0x00000606  0   6   6   Fl-10   70  10  97.9172 0.754078        
0x00000607  0   6   7   Fl-9    71  9   93.5731 0.742439        
0x00000608  0   6   8   Fl-8    72  8   96.6532 0.752533        
0x00000609  0   6   9   Fl-7    73  7   94.7737 0.735917        
0x0000060a  0   6   10  Fl-6    74  6   96.9018 0.750451        
0x0000060b  0   6   11  Fl-5    75  5   97.0834 0.74528     
0x0000060c  0   6   12  Fl-4    76  4   96.4936 0.750955        
0x0000060d  0   6   13  Fl-3    77  3   95.43   0.752164        
0x0000060e  0   6   14  Fl-2    78  2   94.3391 0.747141        
0x0000060f  0   6   15  Fl-1    79  1   109.498 0.712285        
                                        
0x00000700  0   7   0   BH-1    80  1   0   1.121       
0x00000701  0   7   1   BH-2    81  2   0   1.045       
0x00000702  0   7   2   BH-3    82  3   0   1.058       
0x00000703  0   7   3   BH-4    83  4   0   1.061       
0x00000704  0   7   4   BH-5    84  5   0   1.063       
0x00000705  0   7   5   BH-6    85  6   0   1.082       
0x00000706  0   7   6   BH-7    86  7   0   1.076       
0x00000707  0   7   7   BH-8    87  8   0   1.068       
0x00000708  0   7   8   BH-9    88  9   0   1.025       
0x00000709  0   7   9   BH-10   89  10  0   1.053       
0x0000070a  0   7   10  BH-11   90  11  0   1.048       
0x0000070b  0   7   11  BH-12   91  12  0   1.061       
0x0000070c  0   7   12  BH-13   92  13  0   1.045       
0x0000070d  0   7   13  BH-14   93  14  0   1.072       
0x0000070e  0   7   14  BH-15   94  15  0   1.074       
0x0000070f  0   7   15  BH-16   95  16  0   1.011       
                                        
0x00000800  0   8   0   BH-17   96  17  0   1.029       
0x00000801  0   8   1   BH-18   97  18  0   1.056       
0x00000802  0   8   2   BH-19   98  19  0   1.04        
0x00000803  0   8   3   BH-20   99  20  0   1.071       
0x00000804  0   8   4   BH-21   100 21  0   1.085       
0x00000805  0   8   5   BH-22   101 22  0   1.068       
0x00000806  0   8   6   BH-23   102 23  0   1.047       
0x00000807  0   8   7   BH-24   103 24  0   1.058       
0x00000808  0   8   8   BH-25   104 25  0   1.089       
0x00000809  0   8   9   BH-26   105 26  0   1.072       
0x0000080a  0   8   10  BH-27   106 27  0   1.068       
0x0000080b  0   8   11  BH-28   107 28  0   1.065       
0x0000080c  0   8   12  BH-29   108 29  0   1.069       
0x0000080d  0   8   13  BH-30   109 30  0   1.05        
0x0000080e  0   8   14  BH-31   110 31  0   1.096       
0x0000080f  0   8   15  BH-32   111 32  0   1.113       
                                        
0x00000900  0   9   0   BH-33   112 33  0   1.177       
0x00000901  0   9   1   BH-34   113 34  0   1.136       
0x00000902  0   9   2   BH-35   114 35  0   1.153       
0x00000903  0   9   3   BH-36   115 36  0   1.182       
0x00000904  0   9   4   BH-37   116 37  0   1.209       
0x00000905  0   9   5   BH-38   117 38  0   1.16        
0x00000906  0   9   6   BH-39   118 39  0   1.194       
0x00000907  0   9   7   BH-40   119 40  0   1.19        
0x00000908  0   9   8   BL-40   120 40  90.13986534 0.459189364     
0x00000909  0   9   9   BL-39   121 39  105.7720281 0.4560258       
0x0000090a  0   9   10  BL-38   122 38  114.0355858 0.459454662     
0x0000090b  0   9   11  BL-37   123 37  118.0517269 0.455962928     
0x0000090c  0   9   12  BL-36   124 36  107.3586211 0.447395774     
0x0000090d  0   9   13  BL-35   125 35  120.9719324 0.450013503     
0x0000090e  0   9   14  BL-34   126 34  122.0629573 0.448218339     
0x0000090f  0   9   15  BL-33   127 33  0   0       
                                        
0x00000a00  0   10  0   BL-32   128 32  172.7499601 0.83557259      
0x00000a01  0   10  1   BL-31   129 31  220.9221624 0.757698031     
0x00000a02  0   10  2   BL-30   130 30  217.6747695 0.756678755     
0x00000a03  0   10  3   BL-29   131 29  218.7159547 0.755849998     
0x00000a04  0   10  4   BL-28   132 28  168.6752393 0.830657205     
0x00000a05  0   10  5   BL-27   133 27  220.9159706 0.752892194     
0x00000a06  0   10  6   BL-26   134 26  218.8050223 0.744614152     
0x00000a07  0   10  7   BL-25   135 25  222.4644121 0.748224483     
0x00000a08  0   10  8   BL-24   136 24  217.7666948 0.734854826     
0x00000a09  0   10  9   BL-23   137 23  0   0       
0x00000a0a  0   10  10  BL-22   138 22  215.7286199 0.751944363     
0x00000a0b  0   10  11  BL-21   139 21  215.3232912 0.775092397     
0x00000a0c  0   10  12  BL-20   140 20  216.8831639 0.741818289     
0x00000a0d  0   10  13  BL-19   141 19  217.4375736 0.739955967     
0x00000a0e  0   10  14  BL-18   142 18  216.7345592 0.754268692     
0x00000a0f  0   10  15  BL-17   143 17  203.2139163 0.742527971     
                                        
0x00000b00  0   11  0   BL-16   144 16  116.2808189 0.478726115     
0x00000b01  0   11  1   BL-15   145 15  111.3127435 0.47839747      
0x00000b02  0   11  2   BL-14   146 14  118.8026805 0.478159321     
0x00000b03  0   11  3   BL-13   147 13  115.8970878 0.477149572     
0x00000b04  0   11  4   BL-12   148 12  116.5059562 0.476295571     
0x00000b05  0   11  5   BL-11   149 11  100.4559344 0.481255252     
0x00000b06  0   11  6   BL-10   150 10  119.1450381 0.476138869     
0x00000b07  0   11  7   BL-9    151 9   130.1345721 0.475619706     
0x00000b08  0   11  8   BL-8    152 8   159.4558441 0.62237729      
0x00000b09  0   11  9   BL-7    153 7   123.3064259 0.475719728     
0x00000b0a  0   11  10  BL-6    154 6   107.926891  0.478468914     
0x00000b0b  0   11  11  BL-5    155 5   101.9342174 0.479812072     
0x00000b0c  0   11  12  BL-4    156 4   109.6210795 0.481340985     
0x00000b0d  0   11  13  BL-3    157 3   115.6862931 0.4385276       
0x00000b0e  0   11  14  BL-2    158 2   126.3919255 0.435458343     
0x00000b0f  0   11  15  BL-1    159 1   133.2417908 0.435735547     
                                        
0x00000c00  0   12  0   sssd-1  160 1   0   1       
0x00000c01  0   12  1   sssd-2  161 2   0   1       
0x00000c02  0   12  2   sssd-3  162 3   0   1       
0x00000c03  0   12  3   sssd-4  163 4   0   1       
0x00000c04  0   12  4   sssd-5  164 5   0   1       
0x00000c05  0   12  5   sssd-6  165 6   0   1       
0x00000c06  0   12  6   sssd-7  166 7   0   1       
0x00000c07  0   12  7   sssd-8  167 8   0   1       
0x00000c08  0   12  8   sssd-9  168 9   0   1       
0x00000c09  0   12  9   sssd-10 169 10  0   1       
0x00000c0a  0   12  10  sssd-11 170 11  0   1       
0x00000c0b  0   12  11  sssd-12 171 12  0   1       
0x00000c0c  0   12  12  sssd-13 172 13  0   1       
0x00000c0d  0   12  13  sssd-14 173 14  0   1       
0x00000c0e  0   12  14  sssd-15 174 15  0   1       
0x00000c0f  0   12  15  sssd-16 175 16  0   1       
                                        
0x00000d00  0   12  0   PIN1-I2N    176 0   0   1       
0x00000d01  0   12  1   PIN1-I2S    177 0   0   1       
0x00000d02  0   12  2   PIN2-I2N    178 0   0   1       
0x00000d03  0   12  3   PIN2-I2S    179 0   0   1       
0x00000d04  0   12  4   I2S-I2N 180 0   0   1       
0x00000d05  0   12  5   PIN01   181 0   0   1       
0x00000d06  0   12  6   PIN02   182 0   0   1       
0x00000d07  0   12  7   PIN03   183 0   0   1       
0x00000d08  0   12  8   none    184 0   0   1       
0x00000d09  0   12  9   none    185 0   0   1       
0x00000d0a  0   12  10  none    186 0   0   1       
0x00000d0b  0   12  11  none    187 0   0   1       
0x00000d0c  0   12  12  none    188 0   0   1       
0x00000d0d  0   12  13  none    189 0   0   1       
0x00000d0e  0   12  14  none    190 0   0   1       
0x00000d0f  0   12  15  none    191 0   0   1       
                                        
0x00010200  1   2   0   LaBr-1  192 1   1.713794738 0.122779436     
0x00010201  1   2   1   LaBr-2  193 2   0.111142806 0.143431213     
0x00010202  1   2   2   LaBr-3  194 3   2.111029916 0.117776427     
0x00010203  1   2   3   LaBr-4  195 4   2.27795354  0.143292609     
0x00010204  1   2   4   LaBr-5  196 5   1.687334558 0.141516351     
0x00010205  1   2   5   LaBr-6  197 6   1.644102077 0.131076481     
0x00010206  1   2   6   LaBr-7  198 7   1.606259623 0.126787281     
0x00010207  1   2   7   LaBr-8  199 8   1.673234793 0.145617772     
0x00010208  1   2   8   LaBr-9  200 9   3.509499803 0.105466463     
0x00010209  1   2   9   LaBr-10 201 10  1.12112622  0.201297656     
0x0001020a  1   2   10  LaBr-11 202 11  3.555640533 0.102722927     
0x0001020b  1   2   11  LaBr-12 203 12  3.588390044 0.151066916     
0x0001020c  1   2   12  LaBr-13 204 13  2.913974912 0.116959416     
0x0001020d  1   2   13  LaBr-14 205 14  2.524148677 0.113854815     
0x0001020e  1   2   14  LaBr-15 206 15  3.206951928 0.103072656     
0x0001020f  1   2   15  LaBr-16 207 16  0   0       
                                        
0x00010300  1   3   0   1-E1    208 1   0.555861836 0.367178189     
0x00010301  1   3   1   1-E2    209 1   0.153308672 0.3617663       
0x00010302  1   3   2   1-E3    210 1   0.156281672 0.378365304     
0x00010303  1   3   3   1-E4    211 1   0.148665018 0.375628915     
0x00010304  1   3   4   2-E1    212 2   -0.107583508    0.166094977     
0x00010305  1   3   5   2-E2    213 2   -0.099077427    0.149563295     
0x00010306  1   3   6   2-E3    214 2   -0.249664468    0.135874524     
0x00010307  1   3   7   2-E4    215 2   0   0       
0x00010308  1   3   8   3-E1    216 3   -0.192112094    0.165699679     
0x00010309  1   3   9   3-E2    217 3   0   0       
0x0001030a  1   3   10  3-E3    218 3   -0.09375608 0.162374595     
0x0001030b  1   3   11  3-E4    219 3   -0.278318466    0.157914552     
0x0001030c  1   3   12  4-E1    220 4   -0.365482794    0.17314939      
0x0001030d  1   3   13  4-E2    221 4   -0.169188543    0.171687667     
0x0001030e  1   3   14  4-E3    222 4   -0.154118702    0.169719212     
0x0001030f  1   3   15  4-E4    223 4   -0.041728738    0.167723809     
                                        
0x00010400  1   4   0   5-E1    224 5   0.088997284 0.174736204     
0x00010401  1   4   1   5-E2    225 5   -0.224861648    0.172040957     
0x00010402  1   4   2   5-E3    226 5   -0.157893324    0.172473901     
0x00010403  1   4   3   5-E4    227 5   0.137371358 0.172815466     
0x00010404  1   4   4   6-E1    228 6   -0.408033442    0.162891294     
0x00010405  1   4   5   6-E2    229 6   -0.77329023 0.16624426      
0x00010406  1   4   6   6-E3    230 6   -0.407077942    0.164516443     
0x00010407  1   4   7   6-E4    231 6   -0.488456767    0.170426024     
0x00010408  1   4   8   7-E1    232 7   0.05506833  0.162409903     
0x00010409  1   4   9   7-E2    233 7   0.016417216 0.16525589      
0x0001040a  1   4   10  7-E3    234 7   -0.242508722    0.162246941     
0x0001040b  1   4   11  7-E4    235 7   -0.128971018    0.169259134     
0x0001040c  1   4   12  8-E1    236 8   0.121469908 0.165868923     
0x0001040d  1   4   13  8-E2    237 8   -0.177388326    0.167876265     
0x0001040e  1   4   14  8-E3    238 8   -0.175926925    0.171233982     
0x0001040f  1   4   15  8-E4    239 8   0.1303192   0.164160786     
                                        
0x00010500  1   5   0   9-E1    240 9   -0.026307458    0.170617948     
0x00010501  1   5   1   9-E2    241 9   0.069286318 0.164711118     
0x00010502  1   5   2   9-E3    242 9   0.204016838 0.173518405     
0x00010503  1   5   3   9-E4    243 9   0.370331654 0.169050052     
0x00010504  1   5   4   10-E1   244 10  0.074857103 0.16779059      
0x00010505  1   5   5   10-E2   245 10  0.121834122 0.171051733     
0x00010506  1   5   6   10-E3   246 10  0.008741926 0.163303831     
0x00010507  1   5   7   10-E4   247 10  0.050133212 0.161860844     
0x00010508  1   5   8   11-E1   248 11  0.114261655 0.139090853     
0x00010509  1   5   9   11-E2   249 11  0.157803152 0.163201377     
0x0001050a  1   5   10  11-E3   250 11  0.043363408 0.168776648     
0x0001050b  1   5   11  11-E4   251 11  0.089988396 0.180489755     
0x0001050c  1   5   12  12-E1   252 12  -0.047272868    0.170480455     
0x0001050d  1   5   13  12-E2   253 12  0.055047776 0.167591808     
0x0001050e  1   5   14  12-E3   254 12  -0.031613074    0.143680161     
0x0001050f  1   5   15  12-E4   255 12  -0.036203068    0.16304231      
                                        
0x00010600  1   6   0   13-E1   256 13  0.230822849 0.364812107     
0x00010601  1   6   1   13-E2   257 13  0.036903135 0.405889211     
0x00010602  1   6   2   13-E3   258 13  0.09956055  0.392902297     
0x00010603  1   6   3   13-E4   259 13  0.322934142 0.387510164     
0x00010604  1   6   4   14-E1   260 14  0.103340081 0.164140691     
0x00010605  1   6   5   14-E2   261 14  0.186179049 0.181560249     
0x00010606  1   6   6   14-E3   262 14  -0.143880443    0.179446246     
0x00010607  1   6   7   14-E4   263 14  -0.040689741    0.1807702       
0x00010608  1   6   8   15-E1   264 15  -0.037158351    0.164899718     
0x00010609  1   6   9   15-E2   265 15  -0.055115217    0.161758688     
0x0001060a  1   6   10  15-E3   266 15  -0.196001169    0.164142069     
0x0001060b  1   6   11  15-E4   267 15  0   0       
0x0001060c  1   6   12  16-E1   268 16  -0.011897289    0.173506705     
0x0001060d  1   6   13  16-E2   269 16  0.20392814  0.175921311     
0x0001060e  1   6   14  16-E3   270 16  -0.195807967    0.17530227      
0x0001060f  1   6   15  16-E4   271 16  0.251140231 0.168593384     
                                        
0x00000e00  0   13  0   Sssd-1-lg   272 1   0   1       
0x00000e01  0   13  1   Sssd-2-lg   273 2   0   1       
0x00000e02  0   13  2   Sssd-3-lg   274 3   0   1       
0x00000e03  0   13  3   sssd-4-lg   275 4   0   1       
0x00000e04  0   13  4   sssd-5-lg   276 5   0   1       
0x00000e05  0   13  5   sssd-6-lg   277 6   0   1       
0x00000e06  0   13  6   sssd-7-lg   278 7   0   1       
0x00000e07  0   13  7   sssd-8-lg   279 8   0   1       
0x00000e08  0   13  8   sssd-9-lg   280 9   0   1       
0x00000e09  0   13  9   sssd-10-lg  281 10  0   1       
0x00000e0a  0   13  10  sssd-11-lg  282 11  0   1       
0x00000e0b  0   13  11  sssd-12-lg  283 12  0   1       
0x00000e0c  0   13  12  sssd-13-lg  284 13  0   1       
0x00000e0d  0   13  13  sssd-14-lg  285 14  0   1       
0x00000e0e  0   13  14  sssd-15-lg  286 15  0   1       
0x00000e0f  0   13  15  sssd-16-lg  287 16  0   1       
